0 0 206
0 0 206
0 0 206
0 1 207
0 1 216
0 1 217
0 2 208
0 2 208
0 2 208
0 3 209
0 3 209
0 3 209
0 4 210
0 4 210
0 4 210
0 5 211
0 5 211
0 5 211
0 6 212
0 6 212
0 6 212
0 7 213
0 7 213
0 7 213
0 8 214
0 8 214
0 8 214
0 9 215
0 9 215
0 9 215
0 0 206
0 0 206
0 0 206
0 1 207
0 1 216
0 1 217
0 2 208
0 2 208
0 2 208
0 3 209
0 3 209
0 3 209
0 4 210
0 4 210
0 4 210
0 5 211
0 5 211
0 5 211
0 6 212
0 6 212
0 6 212
0 7 213
0 7 213
0 7 213
0 8 214
0 8 214
0 8 214
0 9 215
0 9 215
0 9 215
0 0 206
0 0 206
0 0 206
0 1 207
0 1 216
0 1 217
0 2 208
0 2 208
0 2 208
0 3 209
0 3 209
0 3 209
0 4 210
0 4 210
0 4 210
0 5 211
0 5 211
0 5 211
0 6 212
0 6 212
0 6 212
0 7 213
0 7 213
0 7 213
0 8 214
0 8 214
0 8 214
0 9 215
0 9 215
0 9 215
1 0 206
1 0 206
1 1 218
1 1 219
1 2 208
1 2 208
1 3 209
1 3 209
1 4 210
1 4 210
1 5 211
1 5 211
1 6 212
1 6 212
1 7 213
1 7 213
1 8 214
1 8 214
1 9 215
1 9 215
1 0 206
1 0 206
1 1 218
1 1 219
1 2 208
1 2 208
1 3 209
1 3 209
1 4 210
1 4 210
1 5 211
1 5 211
1 6 212
1 6 212
1 7 213
1 7 213
1 8 214
1 8 214
1 9 215
1 9 215
2 0 206
2 0 206
2 1 207
2 1 224
2 2 208
2 2 208
2 3 220
2 3 220
2 4 210
2 4 210
2 5 211
2 5 211
2 6 221
2 6 221
2 7 222
2 7 222
2 8 214
2 8 214
2 9 223
2 9 223
2 0 206
2 0 206
2 1 207
2 1 224
2 2 208
2 2 208
2 3 220
2 3 220
2 4 210
2 4 210
2 5 211
2 5 211
2 6 221
2 6 221
2 7 222
2 7 222
2 8 214
2 8 214
2 9 223
2 9 223
3 0 206
3 0 206
3 1 207
3 1 224
3 2 208
3 2 208
3 3 220
3 3 220
3 4 210
3 4 210
3 5 211
3 5 211
3 6 212
3 6 212
3 7 213
3 7 213
3 8 214
3 8 214
3 9 223
3 9 223
3 0 206
3 0 206
3 1 207
3 1 224
3 2 208
3 2 208
3 3 220
3 3 220
3 4 210
3 4 210
3 5 211
3 5 211
3 6 212
3 6 212
3 7 213
3 7 213
3 8 214
3 8 214
3 9 223
3 9 223
4 0 225
4 1 226
4 2 208
4 3 220
4 4 210
4 5 211
4 6 221
4 7 227
4 8 214
4 9 223
5 0 206
5 0 206
5 0 206
5 1 207
5 1 229
5 1 230
5 2 208
5 2 208
5 2 208
5 3 220
5 3 220
5 3 220
5 4 210
5 4 210
5 4 210
5 5 211
5 5 211
5 5 211
5 6 212
5 6 212
5 6 212
5 7 228
5 7 228
5 7 228
5 8 214
5 8 214
5 8 214
5 9 223
5 9 223
5 9 223
5 0 206
5 0 206
5 0 206
5 1 207
5 1 229
5 1 230
5 2 208
5 2 208
5 2 208
5 3 220
5 3 220
5 3 220
5 4 210
5 4 210
5 4 210
5 5 211
5 5 211
5 5 211
5 6 212
5 6 212
5 6 212
5 7 228
5 7 228
5 7 228
5 8 214
5 8 214
5 8 214
5 9 223
5 9 223
5 9 223
5 0 206
5 0 206
5 0 206
5 1 207
5 1 229
5 1 230
5 2 208
5 2 208
5 2 208
5 3 220
5 3 220
5 3 220
5 4 210
5 4 210
5 4 210
5 5 211
5 5 211
5 5 211
5 6 212
5 6 212
5 6 212
5 7 228
5 7 228
5 7 228
5 8 214
5 8 214
5 8 214
5 9 223
5 9 223
5 9 223
6 0 206
6 1 231
6 2 208
6 3 220
6 4 210
6 5 211
6 6 212
6 7 228
6 8 214
6 9 223
7 0 232
7 0 238
7 1 233
7 1 239
7 2 208
7 2 208
7 3 220
7 3 220
7 4 234
7 4 234
7 5 235
7 5 235
7 6 236
7 6 236
7 7 237
7 7 237
7 8 214
7 8 214
7 9 223
7 9 223
7 0 232
7 0 238
7 1 233
7 1 239
7 2 208
7 2 208
7 3 220
7 3 220
7 4 234
7 4 234
7 5 235
7 5 235
7 6 236
7 6 236
7 7 237
7 7 237
7 8 214
7 8 214
7 9 223
7 9 223
8 0 232
8 1 240
8 2 208
8 3 209
8 4 234
8 5 235
8 6 241
8 7 242
8 8 214
8 9 215
9 0 232
9 1 240
9 2 208
9 3 209
9 4 234
9 5 235
9 6 241
9 7 242
9 8 214
9 9 215
10 0 232
10 1 240
10 2 208
10 3 209
10 4 234
10 5 235
10 6 241
10 7 242
10 8 214
10 9 215
11 0 232
11 1 243
11 2 208
11 3 209
11 4 244
11 5 245
11 6 245
11 7 246
11 8 214
11 9 215
12 0 232
12 1 243
12 2 208
12 3 209
12 4 244
12 5 245
12 6 245
12 7 246
12 8 214
12 9 215
13 0 232
13 1 247
13 2 208
13 3 209
13 4 234
13 5 235
13 6 236
13 7 248
13 8 214
13 9 215
14 0 238
14 1 249
14 2 208
14 3 209
14 4 234
14 5 235
14 6 236
14 7 248
14 8 214
14 9 215
15 0 206
15 0 206
15 0 206
15 0 206
15 1 207
15 1 216
15 1 250
15 1 217
15 2 208
15 2 208
15 2 208
15 2 208
15 3 209
15 3 209
15 3 209
15 3 209
15 4 210
15 4 210
15 4 210
15 4 210
15 5 211
15 5 211
15 5 211
15 5 211
15 6 212
15 6 212
15 6 212
15 6 212
15 7 213
15 7 213
15 7 213
15 7 213
15 8 214
15 8 214
15 8 214
15 8 214
15 9 215
15 9 215
15 9 215
15 9 215
15 0 206
15 0 206
15 0 206
15 0 206
15 1 207
15 1 216
15 1 250
15 1 217
15 2 208
15 2 208
15 2 208
15 2 208
15 3 209
15 3 209
15 3 209
15 3 209
15 4 210
15 4 210
15 4 210
15 4 210
15 5 211
15 5 211
15 5 211
15 5 211
15 6 212
15 6 212
15 6 212
15 6 212
15 7 213
15 7 213
15 7 213
15 7 213
15 8 214
15 8 214
15 8 214
15 8 214
15 9 215
15 9 215
15 9 215
15 9 215
15 0 206
15 0 206
15 0 206
15 0 206
15 1 207
15 1 216
15 1 250
15 1 217
15 2 208
15 2 208
15 2 208
15 2 208
15 3 209
15 3 209
15 3 209
15 3 209
15 4 210
15 4 210
15 4 210
15 4 210
15 5 211
15 5 211
15 5 211
15 5 211
15 6 212
15 6 212
15 6 212
15 6 212
15 7 213
15 7 213
15 7 213
15 7 213
15 8 214
15 8 214
15 8 214
15 8 214
15 9 215
15 9 215
15 9 215
15 9 215
15 0 206
15 0 206
15 0 206
15 0 206
15 1 207
15 1 216
15 1 250
15 1 217
15 2 208
15 2 208
15 2 208
15 2 208
15 3 209
15 3 209
15 3 209
15 3 209
15 4 210
15 4 210
15 4 210
15 4 210
15 5 211
15 5 211
15 5 211
15 5 211
15 6 212
15 6 212
15 6 212
15 6 212
15 7 213
15 7 213
15 7 213
15 7 213
15 8 214
15 8 214
15 8 214
15 8 214
15 9 215
15 9 215
15 9 215
15 9 215
16 0 238
16 1 251
16 2 208
16 3 209
16 4 234
16 5 235
16 6 236
16 7 237
16 8 214
16 9 215
17 0 238
17 1 251
17 2 208
17 3 209
17 4 234
17 5 235
17 6 236
17 7 237
17 8 214
17 9 215
18 0 206
18 1 207
18 2 208
18 3 220
18 4 252
18 5 253
18 6 254
18 7 255
18 8 214
18 9 223
19 0 206
19 0 206
19 0 206
19 1 207
19 1 224
19 1 258
19 2 208
19 2 208
19 2 208
19 3 220
19 3 220
19 3 220
19 4 252
19 4 252
19 4 252
19 5 253
19 5 253
19 5 253
19 6 256
19 6 256
19 6 256
19 7 257
19 7 257
19 7 257
19 8 214
19 8 214
19 8 214
19 9 223
19 9 223
19 9 223
19 0 206
19 0 206
19 0 206
19 1 207
19 1 224
19 1 258
19 2 208
19 2 208
19 2 208
19 3 220
19 3 220
19 3 220
19 4 252
19 4 252
19 4 252
19 5 253
19 5 253
19 5 253
19 6 256
19 6 256
19 6 256
19 7 257
19 7 257
19 7 257
19 8 214
19 8 214
19 8 214
19 9 223
19 9 223
19 9 223
19 0 206
19 0 206
19 0 206
19 1 207
19 1 224
19 1 258
19 2 208
19 2 208
19 2 208
19 3 220
19 3 220
19 3 220
19 4 252
19 4 252
19 4 252
19 5 253
19 5 253
19 5 253
19 6 256
19 6 256
19 6 256
19 7 257
19 7 257
19 7 257
19 8 214
19 8 214
19 8 214
19 9 223
19 9 223
19 9 223
20 0 232
20 1 259
20 2 260
20 3 261
20 4 262
20 5 263
20 6 264
20 7 265
20 8 214
20 9 266
21 0 206
21 0 206
21 1 224
21 1 258
21 2 260
21 2 260
21 3 261
21 3 261
21 4 210
21 4 210
21 5 211
21 5 211
21 6 221
21 6 221
21 7 267
21 7 267
21 8 214
21 8 214
21 9 266
21 9 266
21 0 206
21 0 206
21 1 224
21 1 258
21 2 260
21 2 260
21 3 261
21 3 261
21 4 210
21 4 210
21 5 211
21 5 211
21 6 221
21 6 221
21 7 267
21 7 267
21 8 214
21 8 214
21 9 266
21 9 266
22 0 206
22 1 231
22 2 208
22 3 220
22 4 252
22 5 253
22 6 256
22 7 257
22 8 214
22 9 223
23 0 206
23 0 268
23 1 231
23 1 269
23 2 208
23 2 208
23 3 220
23 3 220
23 4 252
23 4 252
23 5 253
23 5 253
23 6 256
23 6 256
23 7 257
23 7 257
23 8 214
23 8 214
23 9 223
23 9 223
23 0 206
23 0 268
23 1 231
23 1 269
23 2 208
23 2 208
23 3 220
23 3 220
23 4 252
23 4 252
23 5 253
23 5 253
23 6 256
23 6 256
23 7 257
23 7 257
23 8 214
23 8 214
23 9 223
23 9 223
24 0 268
24 1 270
24 2 208
24 3 209
24 4 210
24 5 211
24 6 221
24 7 271
24 8 214
24 9 272
25 0 268
25 1 273
25 2 208
25 3 209
25 4 210
25 5 211
25 6 221
25 7 228
25 8 214
25 9 272
26 0 206
26 0 206
26 1 207
26 1 224
26 2 208
26 2 208
26 3 209
26 3 209
26 4 210
26 4 210
26 5 211
26 5 211
26 6 221
26 6 221
26 7 228
26 7 228
26 8 214
26 8 214
26 9 272
26 9 272
26 0 206
26 0 206
26 1 207
26 1 224
26 2 208
26 2 208
26 3 209
26 3 209
26 4 210
26 4 210
26 5 211
26 5 211
26 6 221
26 6 221
26 7 228
26 7 228
26 8 214
26 8 214
26 9 272
26 9 272
27 0 232
27 1 274
27 2 208
27 3 209
27 4 210
27 5 211
27 6 221
27 7 227
27 8 214
27 9 215
28 0 225
28 1 226
28 2 208
28 3 209
28 4 210
28 5 211
28 6 212
28 7 213
28 8 214
28 9 272
29 0 232
29 1 274
29 2 208
29 3 220
29 4 210
29 5 211
29 6 221
29 7 227
29 8 214
29 9 223
30 0 232
30 1 243
30 2 208
30 3 220
30 4 234
30 5 235
30 6 236
30 7 237
30 8 214
30 9 223
31 0 206
31 1 230
31 2 208
31 3 220
31 4 210
31 5 211
31 6 221
31 7 222
31 8 214
31 9 223
32 0 206
32 0 206
32 0 206
32 1 207
32 1 224
32 1 258
32 2 208
32 2 208
32 2 208
32 3 220
32 3 220
32 3 220
32 4 262
32 4 262
32 4 262
32 5 263
32 5 263
32 5 263
32 6 275
32 6 275
32 6 275
32 7 276
32 7 276
32 7 276
32 8 214
32 8 214
32 8 214
32 9 223
32 9 223
32 9 223
32 0 206
32 0 206
32 0 206
32 1 207
32 1 224
32 1 258
32 2 208
32 2 208
32 2 208
32 3 220
32 3 220
32 3 220
32 4 262
32 4 262
32 4 262
32 5 263
32 5 263
32 5 263
32 6 275
32 6 275
32 6 275
32 7 276
32 7 276
32 7 276
32 8 214
32 8 214
32 8 214
32 9 223
32 9 223
32 9 223
32 0 206
32 0 206
32 0 206
32 1 207
32 1 224
32 1 258
32 2 208
32 2 208
32 2 208
32 3 220
32 3 220
32 3 220
32 4 262
32 4 262
32 4 262
32 5 263
32 5 263
32 5 263
32 6 275
32 6 275
32 6 275
32 7 276
32 7 276
32 7 276
32 8 214
32 8 214
32 8 214
32 9 223
32 9 223
32 9 223
33 0 206
33 0 206
33 0 206
33 0 268
33 0 277
33 1 207
33 1 224
33 1 230
33 1 273
33 1 278
33 2 208
33 2 208
33 2 208
33 2 208
33 2 208
33 3 220
33 3 220
33 3 220
33 3 220
33 3 220
33 4 210
33 4 210
33 4 210
33 4 210
33 4 210
33 5 211
33 5 211
33 5 211
33 5 211
33 5 211
33 6 221
33 6 221
33 6 221
33 6 221
33 6 221
33 7 227
33 7 227
33 7 227
33 7 227
33 7 227
33 8 214
33 8 214
33 8 214
33 8 214
33 8 214
33 9 223
33 9 223
33 9 223
33 9 223
33 9 223
33 0 206
33 0 206
33 0 206
33 0 268
33 0 277
33 1 207
33 1 224
33 1 230
33 1 273
33 1 278
33 2 208
33 2 208
33 2 208
33 2 208
33 2 208
33 3 220
33 3 220
33 3 220
33 3 220
33 3 220
33 4 210
33 4 210
33 4 210
33 4 210
33 4 210
33 5 211
33 5 211
33 5 211
33 5 211
33 5 211
33 6 221
33 6 221
33 6 221
33 6 221
33 6 221
33 7 227
33 7 227
33 7 227
33 7 227
33 7 227
33 8 214
33 8 214
33 8 214
33 8 214
33 8 214
33 9 223
33 9 223
33 9 223
33 9 223
33 9 223
33 0 206
33 0 206
33 0 206
33 0 268
33 0 277
33 1 207
33 1 224
33 1 230
33 1 273
33 1 278
33 2 208
33 2 208
33 2 208
33 2 208
33 2 208
33 3 220
33 3 220
33 3 220
33 3 220
33 3 220
33 4 210
33 4 210
33 4 210
33 4 210
33 4 210
33 5 211
33 5 211
33 5 211
33 5 211
33 5 211
33 6 221
33 6 221
33 6 221
33 6 221
33 6 221
33 7 227
33 7 227
33 7 227
33 7 227
33 7 227
33 8 214
33 8 214
33 8 214
33 8 214
33 8 214
33 9 223
33 9 223
33 9 223
33 9 223
33 9 223
33 0 206
33 0 206
33 0 206
33 0 268
33 0 277
33 1 207
33 1 224
33 1 230
33 1 273
33 1 278
33 2 208
33 2 208
33 2 208
33 2 208
33 2 208
33 3 220
33 3 220
33 3 220
33 3 220
33 3 220
33 4 210
33 4 210
33 4 210
33 4 210
33 4 210
33 5 211
33 5 211
33 5 211
33 5 211
33 5 211
33 6 221
33 6 221
33 6 221
33 6 221
33 6 221
33 7 227
33 7 227
33 7 227
33 7 227
33 7 227
33 8 214
33 8 214
33 8 214
33 8 214
33 8 214
33 9 223
33 9 223
33 9 223
33 9 223
33 9 223
33 0 206
33 0 206
33 0 206
33 0 268
33 0 277
33 1 207
33 1 224
33 1 230
33 1 273
33 1 278
33 2 208
33 2 208
33 2 208
33 2 208
33 2 208
33 3 220
33 3 220
33 3 220
33 3 220
33 3 220
33 4 210
33 4 210
33 4 210
33 4 210
33 4 210
33 5 211
33 5 211
33 5 211
33 5 211
33 5 211
33 6 221
33 6 221
33 6 221
33 6 221
33 6 221
33 7 227
33 7 227
33 7 227
33 7 227
33 7 227
33 8 214
33 8 214
33 8 214
33 8 214
33 8 214
33 9 223
33 9 223
33 9 223
33 9 223
33 9 223
34 0 206
34 0 268
34 1 279
34 1 282
34 2 208
34 2 208
34 3 280
34 3 280
34 4 210
34 4 210
34 5 211
34 5 211
34 6 221
34 6 221
34 7 228
34 7 228
34 8 214
34 8 214
34 9 281
34 9 281
34 0 206
34 0 268
34 1 279
34 1 282
34 2 208
34 2 208
34 3 280
34 3 280
34 4 210
34 4 210
34 5 211
34 5 211
34 6 221
34 6 221
34 7 228
34 7 228
34 8 214
34 8 214
34 9 281
34 9 281
35 0 232
35 1 240
35 2 208
35 3 280
35 4 210
35 5 211
35 6 221
35 7 228
35 8 214
35 9 281
36 0 232
36 1 283
36 2 208
36 3 209
36 4 262
36 5 263
36 6 264
36 7 265
36 8 214
36 9 281
37 0 232
37 1 274
37 2 208
37 3 280
37 4 210
37 5 211
37 6 221
37 7 228
37 8 214
37 9 281
38 0 232
38 1 284
38 2 208
38 3 209
38 4 285
38 5 286
38 6 287
38 7 288
38 8 289
38 10 290
39 0 232
39 1 284
39 2 208
39 3 209
39 4 285
39 5 286
39 6 287
39 7 288
39 8 289
39 10 291
40 0 232
40 1 292
40 2 208
40 3 209
40 4 285
40 5 286
40 6 287
40 7 288
40 8 293
40 9 294
40 10 295
41 0 277
41 1 296
41 2 208
41 3 209
41 4 285
41 5 286
41 6 287
41 7 288
41 8 293
41 9 294
41 10 297
42 0 232
42 1 259
42 2 208
42 3 209
42 4 285
42 5 286
42 6 287
42 7 288
42 8 289
42 10 290
43 0 232
43 1 259
43 2 208
43 3 209
43 4 285
43 5 286
43 6 287
43 7 288
43 8 293
43 9 294
43 10 290
44 0 232
44 1 259
44 2 208
44 3 209
44 4 285
44 5 286
44 6 287
44 7 288
44 8 289
44 9 298
44 10 290
45 0 232
45 1 240
45 2 208
45 3 209
45 4 285
45 5 286
45 6 287
45 7 288
45 8 293
45 9 294
45 10 290
46 0 206
46 1 207
46 2 208
46 3 209
46 4 285
46 5 286
46 6 287
46 7 288
46 8 289
46 10 299
47 0 206
47 1 207
47 2 208
47 3 209
47 4 285
47 5 286
47 6 287
47 7 288
47 8 289
47 10 299
48 0 206
48 1 207
48 2 208
48 3 209
48 4 285
48 5 286
48 6 287
48 7 288
48 8 289
48 10 300
49 0 232
49 1 259
49 2 208
49 3 209
49 4 285
49 5 286
49 6 287
49 7 288
49 8 289
49 10 290
50 0 206
50 1 301
50 2 208
50 3 209
50 4 285
50 5 286
50 6 287
50 7 288
50 8 289
50 10 302
51 0 206
51 1 207
51 2 208
51 3 209
51 4 285
51 5 286
51 6 287
51 7 288
51 8 293
51 9 294
51 10 303
52 0 206
52 1 217
52 2 208
52 3 209
52 4 285
52 5 286
52 6 287
52 7 288
52 8 289
52 10 304
53 0 206
53 1 217
53 2 208
53 3 209
53 4 285
53 5 286
53 6 287
53 7 288
53 8 293
53 9 294
53 10 305
54 0 206
54 1 217
54 2 208
54 3 209
54 4 285
54 5 286
54 6 287
54 7 288
54 8 289
54 10 306
55 0 232
55 1 240
55 2 208
55 3 209
55 4 285
55 5 286
55 6 287
55 7 288
55 8 289
55 10 307
56 0 232
56 1 308
56 2 208
56 3 209
56 4 285
56 5 286
56 6 287
56 7 288
56 8 289
56 10 309
57 0 232
57 1 240
57 2 208
57 3 209
57 4 285
57 5 286
57 6 287
57 7 288
57 8 289
57 10 300
58 0 206
58 1 207
58 2 208
58 3 209
58 4 285
58 5 286
58 6 287
58 7 288
58 8 289
58 10 310
59 0 206
59 1 216
59 2 208
59 3 209
59 4 285
59 5 286
59 6 287
59 7 288
59 8 289
59 9 298
59 10 311
60 0 206
60 1 216
60 2 208
60 3 209
60 4 285
60 5 286
60 6 287
60 7 288
60 8 289
60 9 298
60 10 311
61 0 277
61 1 312
61 2 208
61 3 209
61 4 285
61 5 286
61 6 287
61 7 288
61 8 289
61 9 298
61 10 311
62 0 277
62 1 312
62 2 208
62 3 209
62 4 285
62 5 286
62 6 287
62 7 288
62 8 289
62 9 298
62 10 311
63 0 277
63 1 312
63 2 208
63 3 209
63 4 285
63 5 286
63 6 287
63 7 288
63 8 289
63 9 298
63 10 311
64 0 206
64 1 301
64 2 208
64 3 209
64 4 285
64 5 286
64 6 287
64 7 288
64 8 293
64 9 294
64 10 313
65 0 206
65 1 217
65 2 208
65 3 209
65 4 285
65 5 286
65 6 287
65 7 288
65 8 289
65 9 314
65 10 311
66 0 206
66 1 207
66 2 208
66 3 209
66 4 285
66 5 286
66 6 287
66 7 288
66 8 289
66 9 314
66 10 311
67 0 232
67 1 315
67 2 208
67 3 209
67 4 285
67 5 286
67 6 287
67 7 288
67 8 293
67 9 294
67 10 316
68 0 277
68 1 317
68 2 208
68 3 209
68 4 285
68 5 286
68 6 287
68 7 288
68 8 293
68 9 294
68 10 318
69 0 206
69 1 301
69 2 208
69 3 209
69 4 285
69 5 286
69 6 287
69 7 288
69 8 289
69 10 319
70 0 232
70 1 240
70 2 208
70 3 209
70 4 285
70 5 286
70 6 287
70 7 288
70 8 289
70 10 320
71 0 232
71 1 321
71 2 208
71 3 209
71 4 285
71 5 286
71 6 287
71 7 288
71 8 293
71 9 294
71 10 322
72 0 323
72 1 324
72 2 208
72 3 209
72 4 285
72 5 286
72 6 287
72 7 288
72 8 293
72 9 294
73 0 232
73 1 240
73 2 208
73 3 209
73 4 285
73 5 286
73 6 287
73 7 288
73 8 289
73 10 290
74 0 232
74 1 325
74 2 208
74 3 209
74 4 285
74 5 286
74 6 287
74 7 288
74 8 289
74 10 326
75 0 206
75 1 207
75 2 208
75 3 209
75 4 285
75 5 286
75 6 287
75 7 288
75 8 293
75 9 294
75 10 327
76 0 206
76 1 207
76 2 208
76 3 209
76 4 285
76 5 286
76 6 287
76 7 288
76 8 289
76 10 310
77 0 206
77 1 207
77 2 208
77 3 209
77 4 285
77 5 286
77 6 287
77 7 288
77 8 289
77 10 310
78 0 206
78 1 250
78 2 208
78 3 209
78 4 285
78 5 286
78 6 287
78 7 288
78 8 293
78 9 294
78 10 328
79 0 232
79 1 233
79 2 208
79 3 209
79 4 285
79 5 286
79 6 287
79 7 288
79 8 289
79 10 329
80 0 206
80 1 301
80 2 208
80 3 209
80 4 285
80 5 286
80 6 287
80 7 288
80 8 289
80 10 300
81 0 206
81 1 330
81 2 208
81 3 209
81 4 285
81 5 286
81 6 287
81 7 288
81 8 289
81 10 295
82 0 206
82 1 218
82 2 208
82 3 209
82 4 285
82 5 286
82 6 287
82 7 288
82 8 293
82 9 294
82 10 331
83 0 206
83 1 207
83 2 208
83 3 209
83 4 285
83 5 286
83 6 287
83 7 288
83 8 289
83 10 332
84 0 277
84 1 312
84 2 208
84 3 209
84 4 285
84 5 286
84 6 287
84 7 288
84 8 289
84 9 314
84 10 333
85 0 206
85 1 207
85 2 208
85 3 209
85 4 285
85 5 286
85 6 287
85 7 288
85 8 293
85 9 294
85 10 334
86 0 232
86 1 335
86 2 208
86 3 209
86 4 285
86 5 286
86 6 287
86 7 288
86 8 293
86 9 294
86 10 319
87 0 268
87 1 336
87 2 208
87 3 209
87 4 285
87 5 286
87 6 287
87 7 288
87 8 293
87 9 294
87 10 337
88 0 232
88 1 315
88 2 208
88 3 209
88 4 285
88 5 286
88 6 287
88 7 288
88 8 289
88 10 295
89 0 238
89 1 338
89 2 208
89 3 209
89 4 339
89 5 340
89 6 341
89 7 342
89 8 343
89 9 344
90 0 238
90 1 338
90 2 208
90 3 209
90 4 339
90 5 340
90 6 341
90 7 342
90 8 343
90 9 344
91 0 238
91 1 345
91 2 208
91 3 346
91 4 339
91 5 340
91 6 341
91 7 342
91 8 343
91 9 344
92 0 238
92 1 347
92 2 208
92 3 209
92 4 339
92 5 340
92 6 341
92 7 342
92 8 343
92 9 344
93 0 238
93 1 347
93 2 208
93 3 209
93 4 339
93 5 340
93 6 341
93 7 348
93 8 343
93 9 344
94 0 238
94 1 349
94 2 208
94 3 209
94 4 339
94 5 340
94 6 341
94 7 342
94 8 343
94 9 344
95 0 238
95 1 350
95 2 208
95 3 209
95 4 339
95 5 340
95 6 341
95 7 342
95 8 343
95 9 344
96 0 232
96 1 274
96 2 208
96 3 209
96 4 339
96 5 340
96 6 341
96 7 342
96 8 343
96 9 344
97 0 232
97 1 321
97 2 208
97 3 209
97 4 339
97 5 340
97 6 341
97 7 342
97 8 343
97 9 344
98 0 232
98 1 321
98 2 208
98 3 209
98 4 339
98 5 340
98 6 341
98 7 348
98 8 343
98 9 344
99 0 225
99 1 351
99 2 208
99 3 209
99 4 339
99 5 340
99 6 341
99 7 348
99 8 343
99 9 344
100 0 225
100 1 351
100 2 208
100 3 209
100 4 339
100 5 340
100 6 341
100 7 342
100 8 343
100 9 344
101 0 225
101 1 351
101 2 208
101 3 209
101 4 339
101 5 340
101 6 341
101 7 342
101 8 343
101 9 344
102 0 225
102 1 351
102 2 208
102 3 209
102 4 339
102 5 340
102 6 341
102 7 342
102 8 343
102 9 344
103 0 225
103 1 351
103 2 208
103 3 209
103 4 339
103 5 340
103 6 341
103 7 342
103 8 343
103 9 344
104 0 225
104 1 351
104 2 208
104 3 209
104 4 339
104 5 340
104 6 341
104 7 342
104 8 343
104 9 344
105 0 225
105 1 351
105 2 208
105 3 352
105 4 339
105 5 340
105 6 341
105 7 342
105 8 343
105 9 344
106 0 225
106 1 351
106 2 208
106 3 352
106 4 339
106 5 340
106 6 341
106 7 342
106 8 343
106 9 344
107 0 225
107 1 351
107 2 208
107 3 209
107 4 339
107 5 340
107 6 341
107 7 342
107 8 343
107 9 344
108 0 225
108 1 351
108 2 208
108 3 209
108 4 339
108 5 340
108 6 341
108 7 342
108 8 343
108 9 344
109 0 225
109 1 226
109 2 208
109 3 209
109 4 339
109 5 340
109 6 341
109 7 348
109 8 343
109 9 344
110 0 225
110 1 226
110 2 208
110 3 209
110 4 339
110 5 340
110 6 341
110 7 342
110 8 343
110 9 344
111 0 323
111 1 324
111 2 208
111 3 353
111 4 339
111 5 340
111 6 341
111 7 354
111 8 343
111 9 355
112 0 268
112 1 356
112 2 208
112 3 209
112 4 339
112 5 340
112 6 341
112 7 342
112 8 343
112 9 344
113 0 268
113 1 270
113 2 208
113 3 209
113 4 339
113 5 340
113 6 341
113 7 348
113 8 343
113 9 344
114 0 268
114 1 270
114 2 208
114 3 209
114 4 339
114 5 340
114 6 341
114 7 342
114 8 343
114 9 344
115 0 206
115 1 230
115 2 208
115 3 209
115 4 339
115 5 340
115 6 341
115 7 348
115 8 343
115 9 344
116 0 206
116 1 229
116 2 208
116 3 209
116 4 339
116 5 340
116 6 341
116 7 348
116 8 343
116 9 344
117 0 206
117 1 219
117 2 208
117 3 346
117 4 339
117 5 340
117 6 341
117 7 348
117 8 343
117 9 344
118 0 277
118 1 278
118 2 208
118 3 209
118 4 339
118 5 340
118 6 341
118 7 348
118 8 343
118 9 344
119 0 323
119 1 357
119 2 208
119 3 220
119 4 339
119 5 340
119 6 341
119 7 358
119 8 343
119 9 344
120 0 323
120 1 357
120 2 208
120 3 209
120 4 339
120 5 340
120 6 341
120 7 358
120 8 343
120 9 344
121 0 323
121 1 359
121 2 208
121 3 346
121 4 339
121 5 340
121 6 341
121 7 348
121 8 343
121 9 344
122 0 323
122 1 357
122 2 208
122 3 346
122 4 339
122 5 340
122 6 341
122 7 358
122 8 343
122 9 344
123 0 323
123 1 357
123 2 208
123 3 346
123 4 339
123 5 340
123 6 341
123 7 358
123 8 343
123 9 355
124 0 225
124 1 226
124 2 208
124 3 360
124 4 339
124 5 340
124 6 341
124 7 358
124 8 343
124 9 355
125 0 238
125 1 361
125 2 208
125 3 346
125 4 339
125 5 340
125 6 341
125 7 362
125 8 343
125 9 355
126 0 232
126 1 315
126 2 208
126 4 339
126 5 263
126 6 363
126 7 364
126 8 365
127 0 238
127 1 347
127 2 208
127 4 339
127 5 263
127 6 363
127 7 364
127 8 365
128 0 238
128 1 366
128 2 208
128 4 339
128 5 263
128 6 363
128 7 364
128 8 365
129 0 232
129 1 315
129 2 208
129 3 209
129 4 339
129 5 263
129 6 363
129 7 364
129 8 365
129 9 367
130 0 238
130 1 347
130 2 208
130 3 209
130 4 339
130 5 263
130 6 363
130 7 364
130 8 365
130 9 367
131 0 206
131 1 258
131 2 208
131 4 339
131 5 263
131 6 363
131 7 364
131 8 365
132 0 238
132 1 347
132 2 208
132 3 280
132 4 339
132 5 263
132 6 368
132 7 369
132 8 365
133 1 347
133 2 208
133 3 209
133 4 339
133 5 263
133 6 363
133 7 364
133 8 365
134 0 238
134 1 350
134 2 208
134 3 209
134 4 339
134 5 263
134 6 363
134 7 298
134 8 365
134 9 370
135 0 206
135 1 371
135 2 208
135 4 339
135 5 263
135 6 368
135 7 372
135 8 250
135 9 373
136 0 238
136 1 374
136 2 208
136 3 209
136 4 339
136 5 263
136 6 368
136 7 375
136 8 250
137 1 239
137 2 208
137 3 376
137 4 339
137 5 263
137 6 368
137 7 377
137 8 250
138 0 238
138 1 350
138 2 208
138 4 339
138 5 263
138 6 368
138 7 369
138 8 250
139 0 232
139 1 274
139 2 208
139 3 209
139 4 339
139 5 263
139 6 378
139 7 379
139 8 250
140 0 206
140 1 207
140 2 208
140 3 376
140 4 339
140 5 263
140 6 368
140 7 380
140 8 250
141 0 206
141 1 216
141 2 208
141 3 376
141 4 339
141 5 263
141 6 368
141 7 369
141 8 250
142 0 206
142 1 230
142 2 208
142 4 339
142 5 263
142 6 368
142 7 381
142 8 250
142 9 301
143 0 238
143 1 347
143 2 208
143 3 209
143 4 339
143 5 263
143 6 368
143 7 382
143 8 250
144 0 238
144 1 350
144 2 208
144 3 376
144 4 339
144 5 263
144 6 368
144 7 380
144 8 250
144 10 383
145 0 268
145 1 270
145 2 208
145 4 339
145 5 263
145 6 368
145 7 375
145 8 250
146 0 277
146 1 312
146 2 208
146 3 209
146 4 339
146 5 263
146 6 368
146 7 380
146 8 250
147 0 232
147 1 308
147 2 208
147 3 209
147 4 339
147 5 263
147 6 368
147 7 384
147 8 250
148 0 238
148 1 350
148 2 208
148 3 376
148 4 339
148 5 263
148 6 368
148 7 375
148 8 250
148 10 385
149 0 206
149 1 230
149 2 208
149 3 376
149 4 339
149 5 263
149 6 368
149 7 372
149 8 250
150 0 238
150 1 374
150 2 208
150 3 209
150 4 339
150 5 263
150 6 368
150 7 380
150 8 250
151 0 238
151 1 350
151 2 208
151 3 376
151 4 339
151 5 263
151 6 368
151 7 380
151 8 250
151 10 386
152 0 232
152 1 270
152 2 208
152 3 209
152 4 339
152 5 263
152 6 378
152 7 387
152 8 250
153 0 238
153 1 374
153 2 208
153 3 209
153 4 339
153 5 263
153 6 368
153 7 380
153 8 250
154 0 238
154 1 347
154 2 208
154 3 209
154 4 339
154 5 263
154 6 368
154 7 384
154 8 250
155 0 268
155 1 273
155 2 208
155 3 376
155 4 339
155 5 263
155 6 368
155 7 380
155 8 250
156 0 238
156 1 345
156 2 208
156 3 209
156 4 339
156 5 263
156 6 378
156 7 379
156 8 250
157 0 206
157 1 388
157 2 208
157 3 376
157 4 339
157 5 263
157 6 368
157 7 369
157 8 250
158 0 232
158 1 274
158 2 208
158 3 209
158 4 339
158 5 263
158 6 378
158 7 379
158 8 250
159 0 268
159 1 389
159 2 208
159 3 376
159 4 339
159 5 263
159 6 368
159 7 380
159 8 250
160 0 206
160 1 207
160 2 208
160 3 209
160 4 339
160 5 263
160 6 368
160 7 390
160 8 250
161 0 232
161 1 335
161 2 208
161 3 376
161 4 339
161 5 263
161 6 368
161 7 380
161 8 250
162 0 238
162 1 391
162 2 208
162 3 209
162 4 339
162 5 263
162 6 368
162 7 381
162 8 250
163 0 206
163 1 207
163 2 208
163 3 376
163 4 339
163 5 263
163 6 368
163 8 250
164 0 232
164 1 321
164 2 208
164 3 353
164 4 339
164 5 263
164 6 368
164 7 384
164 8 392
164 9 393
165 2 208
165 3 376
165 4 394
165 5 395
165 6 396
165 7 397
165 8 293
165 9 294
166 2 208
166 3 376
166 4 394
166 5 395
166 6 396
166 7 397
166 8 293
166 9 398
167 0 206
167 1 207
167 2 208
167 3 376
167 4 394
167 5 395
167 6 396
167 7 399
167 8 293
167 9 294
168 2 208
168 3 376
168 4 394
168 5 395
168 6 396
168 8 293
168 9 294
169 0 206
169 1 207
169 2 208
169 3 376
169 4 394
169 5 395
169 6 396
169 7 399
169 8 293
169 9 294
170 2 208
170 3 376
170 4 394
170 5 395
170 6 396
170 7 397
170 8 293
170 9 294
171 2 208
171 3 376
171 4 394
171 5 395
171 6 396
171 8 293
171 9 294
172 2 208
172 3 209
172 4 394
172 5 395
172 6 400
172 8 289
173 2 208
173 3 376
173 4 394
173 5 395
173 6 396
173 8 293
173 9 294
174 2 208
174 3 376
174 4 394
174 5 395
174 6 396
174 8 293
174 9 294
175 2 208
175 3 376
175 4 394
175 5 395
175 6 396
175 8 293
175 9 294
176 0 206
176 1 207
176 2 208
176 3 376
176 4 394
176 5 395
176 6 396
176 7 397
176 8 293
176 9 294
177 0 206
177 1 207
177 2 208
177 3 376
177 4 394
177 5 395
177 6 396
177 7 397
177 8 293
177 9 294
178 0 206
178 1 207
178 2 208
178 3 376
178 4 394
178 5 395
178 6 396
178 7 397
178 8 293
178 9 294
179 0 206
179 1 207
179 2 208
179 3 376
179 4 394
179 5 395
179 6 396
179 7 399
179 8 293
179 9 294
180 2 208
180 3 376
180 4 394
180 5 395
180 6 396
180 7 401
180 8 293
180 9 294
181 0 206
181 1 207
181 2 208
181 3 376
181 4 394
181 5 395
181 6 396
181 7 401
181 8 293
181 9 294
182 0 206
182 1 402
182 2 208
182 3 376
182 4 394
182 5 395
182 6 396
182 7 401
182 8 293
182 9 398
183 0 206
183 1 207
183 2 208
183 3 376
183 4 394
183 5 395
183 6 396
183 7 401
183 8 293
183 9 398
184 0 206
184 1 207
184 2 208
184 3 376
184 4 394
184 5 395
184 6 396
184 7 397
184 8 293
184 9 294
185 0 206
185 1 403
185 2 208
185 3 376
185 4 394
185 5 395
185 6 396
185 7 397
185 8 293
185 9 294
186 2 208
186 3 376
186 4 394
186 5 395
186 6 396
186 7 397
186 8 293
186 9 404
187 0 206
187 1 216
187 2 208
187 3 376
187 4 394
187 5 395
187 6 396
187 7 397
187 8 293
187 9 294
188 0 206
188 1 403
188 2 208
188 3 376
188 4 394
188 5 395
188 6 396
188 7 397
188 8 293
188 9 294
189 0 206
189 1 258
189 2 208
189 3 376
189 4 394
189 5 395
189 6 396
189 7 397
189 8 293
189 9 294
190 0 238
190 1 361
190 2 208
190 3 376
190 4 394
190 5 395
190 6 396
190 7 397
190 8 293
190 9 398
191 0 206
191 1 207
191 2 208
191 3 376
191 4 394
191 5 395
191 6 396
191 7 397
191 8 293
191 9 294
192 0 206
192 1 207
192 2 208
192 3 376
192 4 394
192 5 395
192 6 396
192 7 397
192 8 293
192 9 294
193 0 238
193 1 366
193 2 208
193 3 376
193 4 394
193 5 395
193 6 396
193 7 397
193 8 293
193 9 294
194 0 238
194 1 405
194 2 208
194 3 376
194 4 394
194 5 395
194 6 396
194 7 397
194 8 293
194 9 294
195 0 206
195 1 207
195 2 208
195 3 376
195 4 394
195 5 395
195 6 396
195 7 397
195 8 293
195 9 398
196 0 206
196 1 207
196 2 208
196 3 376
196 4 394
196 5 395
196 6 396
196 7 397
196 8 293
196 9 398
197 0 206
197 1 207
197 2 208
197 3 376
197 4 394
197 5 395
197 6 396
197 7 397
197 8 293
197 9 294
198 0 206
198 1 207
198 2 208
198 3 376
198 4 394
198 5 395
198 6 396
198 7 399
198 8 293
198 9 294
199 0 225
199 1 226
199 2 208
199 3 376
199 4 394
199 5 395
199 6 396
199 7 397
199 8 293
199 9 294
200 0 225
200 1 226
200 2 208
200 3 376
200 4 394
200 5 395
200 6 396
200 7 397
200 8 293
200 9 294
201 0 225
201 1 226
201 2 208
201 3 376
201 4 394
201 5 395
201 6 400
201 7 406
201 8 293
201 9 294
202 0 206
202 1 224
202 2 208
202 3 376
202 4 394
202 5 395
202 6 400
202 7 406
202 8 293
202 9 294
203 2 208
203 3 376
203 4 394
203 5 395
203 6 407
203 7 408
203 8 293
203 9 294
204 2 208
204 3 376
204 4 394
204 5 395
204 6 396
204 7 401
204 8 293
204 9 294
205 0 206
205 1 207
205 2 208
205 3 376
205 4 394
205 5 395
205 6 396
205 7 409
205 8 293
205 9 294
