0 99 86 202
1 199 101 143
2 4 200 105
3 108 201 86
4 103 104 200
5 74 102 151
6 105 100 106
7 140 108 107
8 103 202 140
9 104 163 74
10 43 77 80
11 38 76 50
12 42 49 56
13 44 43 78
14 57 79 73
15 121 122 123
16 117 123 121
17 123 121 122
18 125 122 91
19 91 123 122
20 177 192 188
21 191 185 178
22 186 166 184
23 189 176 193
24 192 197 194
25 187 184 170
26 189 191 176
27 166 190 178
28 177 197 165
29 194 193 187
30 143 155 147
31 151 144 132
32 136 162 148
33 142 149 161
34 138 132 143
35 154 140 151
36 136 150 155
37 148 162 149
38 153 138 147
39 161 140 151
40 140 145 147
41 138 144 148
42 137 143 154
43 150 161 138
44 145 159 148
45 143 140 147
46 148 140 145
47 147 151 159
48 154 137 144
49 138 147 148
50 155 145 153
51 159 147 153
52 140 159 155
53 147 144 155
54 153 145 140
55 148 163 155
56 135 149 144
57 153 157 142
58 141 154 160
59 145 140 135
60 155 141 148
61 147 142 160
62 135 163 144
63 161 140 157
64 145 161 153
65 138 140 141
66 143 148 155
67 136 137 145
68 144 147 149
69 135 142 153
70 137 141 154
71 138 143 147
72 136 140 144
73 146 148 149
74 142 145 153
75 194 169 192
76 169 197 192
77 197 193 190
78 192 190 169
79 190 197 169
80 142 94 149
81 144 91 134
82 153 89 140
83 137 7 162
84 127 148 125
85 155 93 137
86 147 14 143
87 154 139 7
88 161 90 144
89 163 89 142
90 148 20 73
91 12 152 133
92 88 126 38
93 43 161 79
94 37 154 67
95 158 45 86
96 164 11 74
97 70 71 145
98 150 42 39
99 27 49 55
100 126 148 56
101 134 137 86
102 158 144 132
103 109 151 140
104 28 154 201
105 147 164 199
106 149 108 95
107 110 138 100
108 106 86 202
109 158 138 124
110 34 88 147
111 112 46 25
112 67 114 131
113 153 178 79
114 140 184 74
115 159 24 178
116 47 67 131
117 75 113 133
118 145 88 114
119 80 159 153
120 46 161 178
121 40 142 48
122 169 80 117
123 31 192 76
124 81 144 26
125 5 52 185
126 140 54 179
127 167 116 47
128 157 88 181
129 131 189 69
130 121 122 43
131 123 72 110
132 43 123 120
133 119 72 121
134 110 72 123
135 122 43 111
136 43 121 123
137 72 120 43
138 119 72 122
139 43 72 123
140 146 59 85
141 84 151 43
142 164 40 88
143 43 118 88
144 151 85 33
145 40 146 151
146 164 85 84
147 161 33 40
148 118 68 43
149 85 139 146
150 139 125 13
151 145 140 29
152 48 96 133
153 22 154 96
154 118 19 131
155 1 48 155
156 27 22 151
157 37 158 147
158 156 48 96
159 21 74 152
160 92 131 74
161 46 143 25
162 80 146 0
163 187 97 37
164 69 147 116
165 27 193 84
166 197 96 139
167 82 152 115
168 69 19 189
169 148 21 59
170 56 140 21
171 194 46 18
172 117 144 76
173 131 192 97
174 39 98 169
175 88 197 26
176 148 183 40
177 43 5 128
178 2 196 137
179 184 151 66
180 83 19 148
181 131 78 167
182 184 51 160
183 97 198 144
184 177 155 46
185 75 14 176
186 152 33 192
187 143 98 43
188 158 195 66
189 179 126 3
190 51 163 137
191 31 43 91
192 75 32 40
193 74 97 47
194 76 40 160
195 46 126 115
196 91 58 88
197 151 67 76
198 98 128 40
199 77 21 143
200 74 43 151
201 41 46 133
202 82 46 41
203 94 74 133
204 43 151 88
205 82 41 147
206 133 46 94
207 151 41 74
208 163 43 88
209 132 1 82
210 116 43 156
211 38 139 5
212 39 153 43
213 88 5 137
214 38 130 7
215 43 156 38
216 39 130 5
217 153 7 38
218 7 43 137
219 156 88 39
220 54 139 111
221 96 22 156
222 66 135 0
223 122 80 72
224 158 123 27
225 79 39 119
226 6 88 53
227 147 54 15
228 120 154 65
229 158 86 96
230 54 80 139
231 122 152 53
232 72 123 161
233 65 66 119
234 119 139 53
235 54 161 66
236 80 65 122
237 0 79 111
238 88 79 152
239 120 122 139
240 15 0 59
241 88 87 48
242 8 1 11
243 39 88 78
244 26 15 74
245 136 139 147
246 136 139 152
247 8 26 152
248 15 0 158
249 146 147 153
250 103 14 36
251 94 107 26
252 11 15 1
253 0 28 13
254 102 24 116
255 118 120 99
256 16 113 26
257 93 8 28
258 101 11 12
259 89 100 105
260 143 134 154
261 136 93 16
262 85 156 139
263 89 40 150
264 139 43 153
265 17 154 156
266 153 59 95
267 68 118 92
268 59 113 95
269 17 150 154
270 143 146 85
271 133 115 156
272 78 139 43
273 76 158 130
274 74 40 92
275 51 154 67
276 147 98 129
277 139 133 153
278 48 25 96
279 95 14 88
280 26 6 25
281 35 37 33
282 33 4 29
283 34 5 26
284 33 3 28
285 0 15 1
286 6 5 33
287 37 26 4
288 34 25 15
289 29 33 3
290 140 148 163
291 157 149 140
292 155 141 161
293 196 159 148
294 176 201 155
295 185 177 163
296 144 161 191
297 188 140 140
298 178 187 198
299 192 205 140
300 147 88 133
301 152 154 44
302 74 143 8
303 129 70 27
304 56 152 88
305 67 139 44
306 71 8 39
307 154 158 152
308 139 139 150
309 57 44 43
310 152 149 158
311 140 151 148
312 140 147 101
313 95 154 143
314 56 143 103
315 1 21 35
316 31 29 33
317 27 34 2
318 0 15 5
319 3 28 15
320 32 2 3
321 32 2 3
322 32 5 18
323 33 3 19
324 32 2 3
325 137 147 0
326 159 163 139
327 158 155 156
328 133 148 150
329 24 143 8
330 17 129 160
331 14 136 25
332 16 28 141
333 11 13 134
334 12 14 132
335 154 46 15
336 150 152 51
337 74 98 0
338 83 76 58
339 133 48 75
340 88 158 47
341 74 46 115
342 150 85 88
343 75 154 83
344 66 71 58
345 139 156 16
346 14 154 94
347 136 143 14
348 16 130 154
349 139 86 99
350 17 143 103
351 162 101 134
352 28 95 51
353 89 147 130
354 156 139 153
355 151 199 163
356 202 163 140
357 199 151 163
358 140 163 201
359 151 200 202
360 140 141 155
361 35 144 163
362 137 161 149
363 34 140 148
364 151 159 144
365 155 35 137
366 148 37 132
367 140 149 161
368 34 137 141
369 151 155 163
370 161 77 147
371 76 153 48
372 143 189 157
373 188 52 197
374 75 51 140
375 26 58 191
376 129 155 82
377 0 198 184
378 75 187 196
379 205 193 53
380 58 169 160
381 154 48 151
382 178 155 191
383 181 148 38
384 143 137 1
385 167 88 163
386 40 139 158
387 197 71 26
388 15 76 140
389 176 46 144
390 202 188 169
391 179 187 167
392 195 182 178
393 191 181 193
394 192 185 177
395 189 198 167
396 178 176 183
397 192 179 181
398 187 193 191
399 184 188 195
400 144 199 148
401 202 151 159
402 201 140 159
403 137 199 161
404 200 140 137
405 140 181 151
406 201 161 140
407 140 199 161
408 161 181 140
409 199 202 140
410 90 51 65
411 58 113 114
412 44 65 71
413 40 109 104
414 76 79 102
415 139 130 155
416 133 48 156
417 137 190 82
418 27 157 169
419 140 158 189
420 154 152 190
421 133 136 189
422 140 147 169
423 156 169 13
424 133 159 151
425 88 59 85
426 118 59 40
427 59 68 139
428 84 40 43
429 41 88 146
430 59 84 146
431 40 88 85
432 139 88 41
433 59 84 43
434 68 41 84
435 136 153 100
436 133 130 109
437 158 114 162
438 120 104 150
439 143 110 147
440 134 152 116
441 103 89 139
442 155 107 124
443 112 156 146
444 137 162 130
445 74 75 83
446 76 39 129
447 88 160 15
448 156 158 66
449 82 1 38
450 150 40 26
451 56 152 48
452 88 26 76
453 1 46 85
454 74 154 114
455 133 136 89
456 93 156 162
457 14 94 150
458 16 147 139
459 139 95 156
460 14 147 143
461 130 147 136
462 16 133 139
463 150 92 162
464 94 136 153
465 201 105 202
466 199 202 106
467 105 199 202
468 200 140 201
469 140 199 106
470 147 153 156
471 92 139 154
472 136 150 130
473 143 154 156
474 139 125 153
475 94 162 156
476 14 150 143
477 134 17 150
478 136 139 154
479 150 16 143
480 44 74 88
481 43 45 70
482 39 44 49
483 79 43 88
484 43 88 44
485 44 74 88
486 70 44 43
487 56 88 43
488 44 88 42
489 44 88 45
490 185 155 161
491 155 201 161
492 191 148 137
493 157 161 159
494 163 173 151
495 144 149 205
496 163 203 151
497 194 151 140
498 187 170 159
499 163 140 192
500 40 88 84
501 84 81 53
502 53 84 40
503 88 40 84
504 81 88 40
505 128 40 105
506 134 101 116
507 130 131 99
508 126 133 140
509 129 139 20
510 89 49 146
511 91 132 32
512 90 136 138
513 127 36 16
514 88 137 145
515 129 139 143
516 97 0 15
517 32 158 160
518 150 158 160
519 98 1 66
520 82 71 76
521 19 47 77
522 1 147 150
523 139 152 160
524 74 51 3
525 140 141 144
526 137 149 151
527 155 159 161
528 151 155 161
529 148 151 161
530 137 140 157
531 149 155 157
532 144 148 159
533 141 148 159
534 151 155 161
535 137 140 192
536 151 155 161
537 190 148 149
538 137 192 193
539 151 155 161
540 144 148 190
541 137 140 194
542 7 151 155
543 190 192 144
544 137 140 144
545 137 140 144
546 148 149 151
547 155 157 159
548 161 163 179
549 182 183 166
550 186 187 188
551 191 192 193
552 195 196 197
553 200 201 202
554 204 205 169
555 89 93 94
556 95 99 107
557 96 101 108
558 90 92 98
559 97 102 109
560 91 100 103
561 110 112 116
562 89 95 97
563 94 98 101
564 90 92 96
565 139 147 150
566 143 129 133
567 44 36 152
568 79 57 108
569 143 71 110
570 74 152 67
571 56 11 154
572 43 150 103
573 78 44 88
574 74 133 104
575 91 123 122
576 122 91 125
577 125 122 123
578 121 123 122
579 123 122 125
580 91 122 125
581 125 91 123
582 122 123 121
583 125 122 121
584 91 123 125
585 154 150 155
586 95 163 130
587 147 151 143
588 143 136 154
589 92 139 153
590 161 140 153
591 90 148 150
592 148 154 137
593 147 143 162
594 17 137 151
595 14 143 150
596 136 139 147
597 139 17 95
598 130 153 90
599 89 153 156
600 143 153 150
601 154 136 17
602 153 139 150
603 134 156 16
604 150 90 139
605 137 151 161
606 140 163 169
607 159 194 140
608 137 161 192
609 197 161 140
610 161 140 163
611 148 169 159
612 144 140 151
613 148 144 169
614 137 161 151
615 126 137 159
616 140 159 131
617 140 154 129
618 143 152 133
619 147 158 109
620 140 159 164
621 138 158 4
622 140 143 154
623 152 158 133
624 137 131 129
625 147 152 114
626 144 152 74
627 159 147 88
628 145 113 46
629 144 159 74
630 159 74 47
631 147 145 46
632 152 87 46
633 152 46 74
634 144 88 159
635 15 0 3
636 3 15 0
637 5 3 0
638 0 15 6
639 1 6 0
640 0 15 1
641 1 15 5
642 3 1 0
643 3 5 1
644 0 5 3
645 137 105 140
646 141 106 144
647 140 148 155
648 148 149 155
649 140 149 159
650 137 144 105
651 140 148 161
652 137 144 148
653 106 140 151
654 144 148 159
655 143 44 136
656 15 96 133
657 153 26 158
658 8 59 90
659 51 130 54
660 152 152 88
661 110 81 152
662 64 120 129
663 88 88 80
664 48 147 147
665 7 8 11
666 8 12 13
667 29 35 36
668 7 8 13
669 11 12 20
670 13 29 35
671 7 12 13
672 11 13 29
673 8 11 29
674 12 13 20
675 148 182 140
676 163 176 178
677 181 144 148
678 149 167 161
679 187 155 193
680 198 196 183
681 141 149 161
682 157 189 191
683 155 205 148
684 177 187 148
685 139 153 147
686 104 152 89
687 146 153 100
688 158 110 156
689 132 136 152
690 155 114 108
691 133 134 143
692 162 139 147
693 93 153 103
694 147 120 147
695 66 45 59
696 65 43 73
697 66 43 45
698 43 44 66
699 45 49 43
700 43 59 66
701 43 65 44
702 59 66 43
703 43 44 65
704 45 43 59
705 15 66 51
706 129 75 26
707 58 139 160
708 152 76 83
709 48 85 88
710 53 15 69
711 82 88 48
712 40 46 54
713 65 53 147
714 115 0 51
715 0 15 16
716 8 14 1
717 13 0 8
718 15 1 17
719 8 13 15
720 15 8 0
721 14 15 1
722 0 17 8
723 12 8 1
724 15 0 13
725 89 153 136
726 143 16 132
727 134 153 150
728 154 132 156
729 90 136 95
730 154 17 14
731 153 139 93
732 94 136 139
733 130 139 132
734 132 92 153
735 144 137 148
736 35 140 137
737 159 144 161
738 140 148 159
739 137 144 151
740 181 148 140
741 151 161 140
742 148 161 144
743 140 144 148
744 159 37 140
745 140 143 144
746 133 158 159
747 139 161 140
748 148 150 158
749 126 154 139
750 147 140 138
751 164 137 126
752 156 139 154
753 143 140 159
754 139 147 158
755 64 52 82
756 87 54 53
757 51 68 69
758 86 64 51
759 82 87 52
760 51 82 53
761 86 68 71
762 53 52 51
763 87 54 82
764 68 51 69
765 139 88 35
766 66 153 8
767 156 130 80
768 144 179 78
769 185 59 158
770 133 58 16
771 120 82 136
772 56 148 196
773 94 162 193
774 23 175 161
775 15 88 78
776 58 69 80
777 64 133 50
778 147 78 88
779 155 78 50
780 133 78 155
781 147 69 15
782 78 64 69
783 88 155 133
784 133 50 64
785 140 144 149
786 140 144 151
787 140 144 149
788 140 144 149
789 140 144 151
790 140 144 148
791 140 144 149
792 140 144 149
793 140 144 151
794 140 144 148
795 140 155 163
796 137 194 161
797 193 144 148
798 140 199 200
799 140 202 193
800 163 140 193
801 148 149 151
802 161 163 190
803 155 197 161
804 148 149 151
805 15 88 78
806 139 75 74
807 46 153 40
808 147 69 58
809 77 66 139
810 147 59 1
811 74 48 83
812 139 54 133
813 50 147 152
814 51 76 88
815 74 150 156
816 160 129 0
817 88 74 46
818 47 83 77
819 75 66 58
820 143 154 129
821 152 154 158
822 71 154 129
823 43 67 14
824 88 78 48
825 22 23 6
826 19 2 32
827 5 31 33
828 32 33 3
829 2 32 33
830 31 33 5
831 19 2 32
832 5 31 33
833 32 33 3
834 2 32 33
835 13 74 143
836 154 158 98
837 147 152 158
838 8 8 8
839 43 70 55
840 44 49 73
841 43 39 38
842 133 88 43
843 74 70 86
844 88 40 139
845 139 88 78
846 153 136 147
847 156 130 74
848 139 154 160
849 74 46 51
850 83 77 76
851 66 58 88
852 158 71 154
853 70 86 79
854 162 45 43
855 109 110 124
856 101 102 103
857 106 107 108
858 124 99 100
859 103 104 105
860 108 109 110
861 100 101 102
862 105 106 107
863 110 124 99
864 102 103 104
865 137 144 148
866 159 161 144
867 140 159 151
868 148 140 161
869 144 163 148
870 137 151 140
871 151 140 137
872 161 148 151
873 163 151 148
874 144 161 159
875 125 91 117
876 124 91 117
877 121 124 117
878 123 121 124
879 122 117 123
880 34 35 132
881 132 37 34
882 132 34 37
883 132 34 132
884 37 34 132
885 22 23 18
886 22 23 19
887 22 23 27
888 22 23 19
889 22 23 27
890 77 48 83
891 133 44 43
892 158 139 43
893 150 152 43
894 44 72 43
895 148 70 82
896 76 88 139
897 158 82 55
898 137 52 53
899 154 58 161
900 148 161 202
901 148 140 155
902 190 169 178
903 176 179 185
904 155 163 161
905 185 141 144
906 148 191 163
907 181 169 140
908 155 161 202
909 148 169 161
910 74 5 83
911 19 48 18
912 46 2 152
913 0 88 129
914 58 33 43
915 143 40 76
916 3 32 26
917 139 78 153
918 154 66 133
919 156 97 160
920 76 85 83
921 73 44 39
922 59 42 88
923 46 43 44
924 59 66 77
925 66 76 43
926 43 58 46
927 81 41 70
928 45 45 43
929 83 56 47
930 46 154 48
931 147 48 15
932 76 58 75
933 52 0 51
934 66 133 139
935 77 139 58
936 65 50 0
937 50 59 66
938 59 66 147
939 74 88 83
940 140 155 163
941 137 159 151
942 140 189 157
943 163 140 155
944 190 151 157
945 155 190 151
946 157 140 137
947 151 137 159
948 189 151 157
949 169 137 163
950 129 133 131
951 132 126 130
952 128 131 127
953 133 126 132
954 131 127 126
955 129 132 133
956 134 131 127
957 126 132 130
958 127 129 126
959 130 134 131
960 150 154 139
961 147 153 136
962 156 130 153
963 162 153 130
964 7 147 139
965 89 139 93
966 154 136 130
967 95 7 90
968 94 150 130
969 143 139 154
970 144 145 147
971 88 46 47
972 113 145 74
973 144 46 74
974 24 114 88
975 46 152 88
976 88 74 152
977 74 46 147
978 47 152 144
979 152 74 114
980 152 43 79
981 151 88 45
982 13 74 38
983 43 133 42
984 137 154 139
985 152 158 73
986 156 56 154
987 88 39 78
988 158 88 36
989 67 86 148
990 140 148 167
991 141 191 163
992 161 193 144
993 161 192 155
994 151 178 185
995 141 197 161
996 161 163 144
997 151 148 182
998 161 178 140
999 144 192 148
1000 1 129 75
1001 76 74 154
1002 58 152 143
1003 154 66 139
1004 52 58 74
1005 77 58 78
1006 65 72 15
1007 26 85 46
1008 59 147 88
1009 152 15 147
1010 140 148 163
1011 137 179 151
1012 198 144 148
1013 161 191 140
1014 169 195 155
1015 192 151 159
1016 161 197 193
1017 140 148 176
1018 140 179 148
1019 137 169 191
1020 153 146 14
1021 152 134 15
1022 154 158 26
1023 0 13 147
1024 150 36 26
1025 140 155 144
1026 153 146 161
1027 161 163 149
1028 140 147 157
1029 143 133 147
1030 161 139 155
1031 127 148 142
1032 152 154 164
1033 161 135 152
1034 148 161 154
1035 88 68 59
1036 88 85 59
1037 59 85 88
1038 43 68 85
1039 59 84 88
1040 85 88 59
1041 40 43 84
1042 84 85 59
1043 88 84 59
1044 59 88 40
1045 139 161 181
1046 185 188 193
1047 155 136 163
1048 147 152 152
1049 130 137 150
1050 144 148 154
1051 161 163 129
1052 178 179 181
1053 191 192 167
1054 197 198 205
1055 137 155 140
1056 163 176 183
1057 195 197 205
1058 159 202 149
1059 137 144 148
1060 197 161 149
1061 183 192 205
1062 151 159 148
1063 205 169 137
1064 149 169 151
1065 15 88 78
1066 143 115 87
1067 51 77 76
1068 153 76 58
1069 87 143 0
1070 147 78 88
1071 115 0 88
1072 58 77 147
1073 88 51 59
1074 147 51 87
1075 86 103 101
1076 133 104 86
1077 108 100 109
1078 133 107 101
1079 143 102 101
1080 108 107 86
1081 110 143 103
1082 86 133 104
1083 102 101 86
1084 100 133 107
1085 139 137 144
1086 140 148 155
1087 147 152 153
1088 126 143 159
1089 152 158 159
1090 140 144 155
1091 137 148 139
1092 133 164 147
1093 131 126 158
1094 140 143 151
1095 120 88 152
1096 98 39 154
1097 57 73 42
1098 45 158 96
1099 40 42 156
1100 158 72 133
1101 67 70 43
1102 88 143 44
1103 152 139 154
1104 114 70 150
1105 5 29 32
1106 33 5 32
1107 19 32 33
1108 33 19 29
1109 33 29 31
1110 19 31 33
1111 5 19 31
1112 5 33 19
1113 19 5 31
1114 29 31 32
1115 2 19 33
1116 33 5 32
1117 33 2 32
1118 5 19 2
1119 19 33 3
1120 31 33 19
1121 5 32 33
1122 33 3 2
1123 2 33 5
1124 19 32 2
1125 148 140 159
1126 161 144 148
1127 144 140 161
1128 137 144 148
1129 140 151 148
1130 159 144 137
1131 148 144 140
1132 144 140 137
1133 140 137 144
1134 144 161 137
1135 139 74 26
1136 51 0 83
1137 48 154 58
1138 160 75 0
1139 58 76 48
1140 85 26 139
1141 51 129 139
1142 26 83 88
1143 75 160 51
1144 154 129 46
1145 139 141 133
1146 78 155 66
1147 59 152 32
1148 52 161 19
1149 15 50 152
1150 147 189 21
1151 51 0 193
1152 147 152 169
1153 15 77 133
1154 155 0 66
1155 139 118 88
1156 68 72 120
1157 146 59 59
1158 85 147 43
1159 72 68 139
1160 72 123 147
1161 122 72 123
1162 123 43 72
1163 43 123 147
1164 120 43 72
1165 126 127 128
1166 129 131 133
1167 130 132 127
1168 127 131 128
1169 133 128 132
1170 134 129 127
1171 126 128 133
1172 131 127 126
1173 129 133 134
1174 132 126 130
1175 15 88 78
1176 143 150 152
1177 98 97 71
1178 74 154 129
1179 43 67 153
1180 88 74 46
1181 146 147 154
1182 92 93 59
1183 84 85 14
1184 153 129 133
1185 118 15 13
1186 26 98 97
1187 34 34 35
1188 8 120 26
1189 24 89 90
1190 94 92 93
1191 96 27 37
1192 15 16 17
1193 110 28 11
1194 15 112 99
1195 152 158 56
1196 154 134 95
1197 110 28 86
1198 17 147 101
1199 141 107 108
1200 15 0 8
1201 120 113 36
1202 93 14 25
1203 15 16 17
1204 112 99 100
1205 88 66 40
1206 66 88 59
1207 88 66 59
1208 88 66 59
1209 66 88 59
1210 88 40 81
1211 66 88 40
1212 81 65 88
1213 59 88 66
1214 88 66 40
1215 118 15 13
1216 0 15 26
1217 117 1 8
1218 120 122 123
1219 114 24 89
1220 36 94 92
1221 25 96 27
1222 15 16 17
1223 110 28 121
1224 0 15 112
1225 181 88 78
1226 185 188 193
1227 169 74 194
1228 178 179 183
1229 192 167 195
1230 198 205 169
1231 46 51 48
1232 77 76 85
1233 58 88 40
1234 74 56 45
1235 15 88 78
1236 143 144 148
1237 152 154 158
1238 71 1 82
1239 129 133 43
1240 116 74 46
1241 147 151 154
1242 133 92 93
1243 14 197 140
1244 158 159 133
1245 88 78 66
1246 51 48 47
1247 76 85 75
1248 40 75 81
1249 53 54 65
1250 144 145 127
1251 139 140 148
1252 128 129 0
1253 140 144 154
1254 145 148 128
1255 18 26 32
1256 176 181 183
1257 178 179 195
1258 74 46 48
1259 88 51 83
1260 140 159 161
1261 137 144 148
1262 140 159 161
1263 137 144 148
1264 140 159 161
1265 137 144 148
1266 35 161 144
1267 159 148 144
1268 37 144 159
1269 137 159 144
1270 140 137 148
1271 148 37 137
1272 144 148 159
1273 161 144 137
1274 159 151 137
1275 148 182 185
1276 140 144 155
1277 176 177 178
1278 183 184 191
1279 195 196 197
1280 88 78 80
1281 46 51 48
1282 77 172 85
1283 40 71 82
1284 43 70 68
1285 172 49 73
1286 39 38 67
1287 79 81 59
1288 75 52 172
1289 50 64 69
1290 13 136 147
1291 130 7 1
1292 139 154 158
1293 27 29 133
1294 48 6 22
1295 74 137 150
1296 139 140 144
1297 155 160 161
1298 0 15 26
1299 178 179 181
1300 191 192 167
1301 197 198 205
1302 74 46 51
1303 83 77 76
1304 66 58 88
1305 153 136 156
1306 156 162 89
1307 94 139 143
1308 130 132 92
1309 139 154 134
1310 1 147 154
1311 82 152 133
1312 130 156 152
1313 74 139 147
1314 136 152 156
1315 154 48 156
1316 133 27 152
1317 152 136 133
1318 13 136 147
1319 133 154 82
1320 153 140 155
1321 156 130 137
1322 162 132 139
1323 147 154 161
1324 138 144 148
1325 134 153 134
1326 132 140 143
1327 150 153 134
1328 130 155 136
1329 139 161 163
1330 98 97 117
1331 115 97 116
1332 97 115 116
1333 96 98 115
1334 116 115 98
1335 117 98 116
1336 97 96 116
1337 117 96 98
1338 115 98 97
1339 96 117 115
1340 80 88 75
1341 87 74 46
1342 75 87 79
1343 80 88 47
1344 74 75 46
1345 67 79 74
1346 88 87 80
1347 80 88 74
1348 79 46 75
1349 74 47 88
1350 153 13 136
1351 74 150 156
1352 152 154 158
1353 71 147 152
1354 139 162 8
1355 70 55 57
1356 73 42 88
1357 38 154 129
1358 43 152 89
1359 70 86 36
1360 71 74 82
1361 74 52 82
1362 53 74 51
1363 51 74 74
1364 67 74 87
1365 87 74 82
1366 74 82 67
1367 74 51 82
1368 52 51 67
1369 74 51 71
1370 139 143 152
1371 42 74 70
1372 118 154 139
1373 39 43 44
1374 73 44 152
1375 36 79 43
1376 59 84 85
1377 43 44 152
1378 158 40 88
1379 8 43 146
1380 29 7 30
1381 7 11 8
1382 29 11 37
1383 13 27 7
1384 12 8 29
1385 35 7 8
1386 8 36 37
1387 8 11 37
1388 27 11 37
1389 29 8 7
1390 139 147 120
1391 152 154 156
1392 147 158 120
1393 139 158 96
1394 152 158 96
1395 152 154 96
1396 133 147 27
1397 147 154 0
1398 139 156 158
1399 133 152 120
1400 15 19 32
1401 31 33 15
1402 23 5 18
1403 2 32 26
1404 5 21 19
1405 15 23 0
1406 33 6 19
1407 15 3 19
1408 0 15 1
1409 19 26 32
1410 140 86 99
1411 103 101 107
1412 200 143 109
1413 108 102 199
1414 200 201 109
1415 137 148 140
1416 178 140 184
1417 167 144 151
1418 144 148 137
1419 155 176 191
1420 148 140 163
1421 140 155 196
1422 177 151 140
1423 192 181 198
1424 155 163 148
1425 72 110 147
1426 143 43 104
1427 86 103 107
1428 99 100 108
1429 101 72 143
1430 43 109 100
1431 104 28 72
1432 107 72 147
1433 43 110 104
1434 147 86 104
1435 15 88 78
1436 74 147 152
1437 64 76 58
1438 83 77 129
1439 8 74 74
1440 44 44 49
1441 39 26 46
1442 153 140 50
1443 154 156 158
1444 27 81 139
1445 118 88 78
1446 74 88 89
1447 48 47 102
1448 85 75 66
1449 40 98 97
1450 107 108 82
1451 74 40 92
1452 43 43 70
1453 57 44 115
1454 42 95 88
1455 181 185 188
1456 194 176 177
1457 181 184 191
1458 197 198 205
1459 178 197 184
1460 86 103 100
1461 107 86 108
1462 104 107 109
1463 99 28 86
1464 28 99 103
1465 100 101 28
1466 86 108 28
1467 104 103 28
1468 28 107 108
1469 86 99 101
1470 44 42 45
1471 42 44 43
1472 73 43 38
1473 42 45 43
1474 42 49 71
1475 42 38 71
1476 73 42 44
1477 43 42 44
1478 44 42 71
1479 38 44 43
1480 188 163 184
1481 155 161 192
1482 169 148 140
1483 155 163 183
1484 197 140 163
1485 148 197 144
1486 144 155 140
1487 188 144 179
1488 185 178 155
1489 163 192 155
1490 141 149 125
1491 144 163 137
1492 117 163 140
1493 141 149 155
1494 155 91 161
1495 161 163 125
1496 123 163 141
1497 148 155 163
1498 141 149 155
1499 144 123 125
1500 23 32 19
1501 2 19 4
1502 31 33 5
1503 19 7 33
1504 18 30 5
1505 6 33 23
1506 5 2 7
1507 23 31 32
1508 19 29 2
1509 22 5 7
1510 139 143 154
1511 133 97 0
1512 144 129 46
1513 140 155 159
1514 137 148 150
1515 158 83 76
1516 156 98 115
1517 160 161 74
1518 151 163 133
1519 148 154 46
1520 93 109 113
1521 99 115 116
1522 109 113 116
1523 98 113 115
1524 98 109 113
1525 98 109 113
1526 99 113 116
1527 98 99 113
1528 99 113 116
1529 98 99 115
1530 139 143 147
1531 158 129 133
1532 12 27 29
1533 45 74 71
1534 70 40 55
1535 57 44 86
1536 73 42 78
1537 143 147 150
1538 156 158 129
1539 96 97 11
1540 89 100 101
1541 104 105 106
1542 108 110 112
1543 92 94 95
1544 97 105 103
1545 107 90 112
1546 95 92 96
1547 94 101 91
1548 106 102 90
1549 89 100 105
1550 119 18 19
1551 30 2 3
1552 5 6 7
1553 32 19 119
1554 2 3 33
1555 7 30 18
1556 32 5 7
1557 29 30 23
1558 23 33 19
1559 33 33 2
1560 136 139 143
1561 154 156 160
1562 89 90 92
1563 0 14 15
1564 59 88 82
1565 53 50 80
1566 83 64 69
1567 76 85 75
1568 66 78 58
1569 136 139 147
1570 7 8 16
1571 14 8 17
1572 17 8 7
1573 14 16 8
1574 8 16 14
1575 7 8 30
1576 8 7 30
1577 16 8 17
1578 8 17 7
1579 16 8 14
1580 89 150 14
1581 134 90 143
1582 147 139 130
1583 95 156 17
1584 92 154 156
1585 153 154 94
1586 139 136 130
1587 162 150 93
1588 143 154 17
1589 147 14 156
1590 86 108 143
1591 104 143 109
1592 101 86 103
1593 100 108 4
1594 110 101 86
1595 28 99 103
1596 102 4 143
1597 103 100 101
1598 86 4 103
1599 143 109 110
1600 86 105 107
1601 104 99 28
1602 106 100 86
1603 103 28 143
1604 110 102 28
1605 103 107 105
1606 28 109 143
1607 86 28 143
1608 143 110 108
1609 103 104 100
1610 18 2 32
1611 18 2 32
1612 18 2 32
1613 19 2 32
1614 19 2 32
1615 19 32 33
1616 19 2 32
1617 18 2 33
1618 19 2 33
1619 18 2 32
1620 139 146 59
1621 139 151 59
1622 146 151 59
1623 151 161 59
1624 161 59 40
1625 118 59 88
1626 59 88 139
1627 59 88 43
1628 59 88 43
1629 59 88 43
1630 139 143 97
1631 150 133 74
1632 129 158 74
1633 133 85 98
1634 152 77 0
1635 46 19 156
1636 88 154 129
1637 115 75 83
1638 160 154 26
1639 66 154 40
1640 141 149 163
1641 148 155 167
1642 140 159 177
1643 161 161 163
1644 144 157 179
1645 148 161 178
1646 155 159 181
1647 140 144 182
1648 148 155 187
1649 161 163 196
1650 15 26 177
1651 1 8 174
1652 0 25 184
1653 0 17 176
1654 12 27 175
1655 13 28 186
1656 15 8 187
1657 14 36 178
1658 15 24 182
1659 0 11 190
1660 89 74 53
1661 59 99 43
1662 109 88 52
1663 45 51 48
1664 84 46 117
1665 104 41 85
1666 117 39 95
1667 78 58 112
1668 83 90 108
1669 71 40 125
1670 137 144 149
1671 169 140 144
1672 193 140 144
1673 181 148 155
1674 192 140 148
1675 194 137 144
1676 140 148 181
1677 197 137 140
1678 190 137 140
1679 194 140 144
1680 19 22 31
1681 2 22 31
1682 3 5 22
1683 18 19 33
1684 2 19 22
1685 2 19 22
1686 19 22 31
1687 19 31 32
1688 19 23 31
1689 22 23 31
1690 137 151 161
1691 140 144 161
1692 140 149 155
1693 148 155 163
1694 144 148 163
1695 137 140 151
1696 137 140 149
1697 144 151 161
1698 137 148 155
1699 140 149 163
1700 5 139 152
1701 85 0 154
1702 2 147 40
1703 133 1 83
1704 76 3 153
1705 129 69 22
1706 148 51 19
1707 23 149 77
1708 31 163 48
1709 54 137 15
1710 89 40 109
1711 79 67 76
1712 42 66 114
1713 74 45 76
1714 73 44 74
1715 53 53 76
1716 52 51 88
1717 38 49 78
1718 80 41 43
1719 54 39 86
1720 139 41 40
1721 84 118 43
1722 146 88 41
1723 59 84 40
1724 139 43 85
1725 133 40 43
1726 139 146 88
1727 84 41 133
1728 85 146 88
1729 146 43 84
1730 139 143 152
1731 133 153 154
1732 110 0 1
1733 147 154 160
1734 152 133 116
1735 88 99 107
1736 143 147 133
1737 1 15 26
1738 143 147 133
1739 139 147 152
1740 132 140 161
1741 137 149 155
1742 144 148 163
1743 137 144 151
1744 140 148 161
1745 140 155 163
1746 137 151 161
1747 144 149 132
1748 137 148 132
1749 140 149 151
1750 126 132 134
1751 138 144 148
1752 126 149 154
1753 138 132 151
1754 144 148 154
1755 138 149 134
1756 126 144 154
1757 138 151 132
1758 126 149 134
1759 148 151 132
1760 74 49 38
1761 44 45 73
1762 42 74 43
1763 44 49 74
1764 38 73 43
1765 23 7 32
1766 6 29 23
1767 22 6 29
1768 32 22 19
1769 29 6 19
1770 23 32 22
1771 7 19 22
1772 23 29 7
1773 6 22 7
1774 29 32 19
1775 137 152 88
1776 140 164 43
1777 147 158 39
1778 158 152 88
1779 43 39 140
1780 38 152 138
1781 88 137 158
1782 152 56 138
1783 39 88 137
1784 164 138 152
1785 143 158 43
1786 42 133 44
1787 98 88 152
1788 154 13 38
1789 70 27 67
1790 152 56 71
1791 55 97 78
1792 8 12 147
1793 86 49 43
1794 74 67 156
1795 158 99 56
1796 100 152 103
1797 138 147 101
1798 164 102 137
1799 202 104 158
1800 100 152 106
1801 56 104 140
1802 99 138 152
1803 158 107 202
1804 137 104 56
1805 88 149 33
1806 78 15 143
1807 142 31 152
1808 58 147 153
1809 77 141 5
1810 147 59 5
1811 78 87 152
1812 143 116 88
1813 76 152 153
1814 58 142 31
1815 24 23 33
1816 23 25 24
1817 23 25 24
1818 24 23 25
1819 25 23 33
1820 34 23 33
1821 33 23 25
1822 33 23 25
1823 34 23 33
1824 25 23 34
1825 84 102 108
1826 41 103 99
1827 40 43 109
1828 40 59 146
1829 85 100 59
1830 101 146 59
1831 40 108 146
1832 41 146 101
1833 84 59 41
1834 85 109 104
